0.697510458446842 0.6980805749006285 -0.23440624860693893
0.6282430618172818 0.9927583556355534 2.0738543198765766
0.6903603341458778 0.6971032347431985 -0.23353226275512803
0.6888310303306906 0.6966259270832226 -0.2297728095778899
0.6853785583233978 0.6966939221223343 -0.21808769330375635
0.6814292483050359 0.6972022926202278 -0.20839195262001578
0.6791918688795253 0.6982439293354707 -0.20219433647855664
0.6768572082202667 0.6964978277126207 -0.19824244456945275
0.6739696621864655 0.6952603593767572 -0.18797232771156133
0.6822631058089301 0.685313135550909 -0.2117346105267657
0.6946819204059658 0.6704800042264135 -0.2571337041086017
0.7035224415740021 0.6556547716038502 -0.2970154897736111
0.7162106945031153 0.6382193758577268 -0.346793294734496
0.7368849621854037 0.6216366706049592 -0.4097254640882235
0.7594420726490737 0.6095410448081288 -0.4546886538522776
0.7836423823466632 0.5987353455001484 -0.4569489439273167
0.9869846571724942 0.861868969898014 -0.3596617978740004
0.8494102449301432 0.5901839542111563 -0.40216892585733216
0.9035981927686443 0.5882919266943604 -0.345056156930277
0.9682124488437153 0.5949681123986381 -0.27646682100894676
1.0459640365366654 0.6097235488092649 -0.22943415386819654
0.9801768405474129 0.8577191564926716 2.002700604268453
1.1968713722859636 0.6612611749896511 -0.1564949764904442
1.2839492977440967 0.6828780329749404 -0.15749952768608708
1.372960789463567 0.6990959524968953 -0.17466849294713302
1.4614329950716605 0.7115171779509004 -0.1825632423023452
1.5527041846706122 0.7233399037838181 -0.18516500631520916
1.643495906126872 0.7321070276362012 -0.1781284248065635
1.7360871002072042 0.7392815677276924 -0.17522104291157797
1.8310054747256037 0.7496506343993122 -0.15371917382213401
1.9252578050410811 0.7589341015867627 -0.1464369381321852
2.0234650798923997 0.7697223255123806 -0.13705129222963988
2.115974136702005 0.7706995274826997 -0.15177474274812244
2.2212006681761847 0.7814907532239408 -0.16072270874682934
2.323298936081363 0.7879407525487703 -0.18164623900145432
2.426626497925592 0.7932621254524133 -0.19961320727681947
2.565660023307993 0.8852129313471473 -0.10335667461620429
2.5939221649678696 0.7952142033054012 -0.16924911175796234
2.6865433542298334 0.796075750342428 -0.17597167536113445
2.77486114095622 0.7944158952355995 -0.17904520190093098
2.8580868502891663 0.7918876228832109 -0.17801217826931665
2.8561185101114948 0.9418052540311412 -0.5224026492214522
2.9867628498938026 0.7901217741384249 -0.13503047857605427
3.0436243667868386 0.7966749134402499 -0.1374782257978939
3.0961418208650713 0.8108545404608509 -0.14641038029230427
3.1309759250707283 0.8271650687789887 -0.13769932867741727
3.1849692124476525 0.867167570261736 -0.11423801768789255
3.231868729304572 0.9223404169815425 -0.07663832217116133
3.2760796177933798 0.9875623361954322 -0.04175389526306292
3.251865168516249 1.0703624436568329 -0.14271308481770967
3.3029271958245054 1.1560719841630644 0.1525302025595387
3.3590848805157827 1.1902391891484554 0.03219080633006925
3.382029780256836 1.2739112281706064 0.01537145087935418
3.4079688241423747 1.3571293230462653 -0.028242612798117208
3.426669659620285 1.443569016396059 -0.07813872284195054
3.4215630739014116 1.6342369639873926 0.18512425248372819
3.468861387561132 1.5996238083214818 -0.09592768674973817
3.482693749522969 1.7046296520085285 -0.1307429603999296
3.4896935756431957 1.8141757832096388 -0.1522243557425935
3.498310200436816 1.9252254595266776 -0.16460504009361626
3.709170741788328 2.102268067609498 -0.061199087168933124
3.517195803859412 2.1182309189848967 -0.13132877081630723
3.51764899917802 2.2192835761741514 -0.099762282815206
3.5188412222965186 2.322888739025866 -0.0977804536336344
3.5222400753603083 2.426772044934566 -0.10884362057803047
3.5254486251313444 2.530080363635013 -0.12953687338803274
3.526971853883411 2.6339889824638862 -0.16597452052177297
3.5228410231416123 2.742927046104206 -0.1918165341711165
3.507811455266978 2.8468044514344553 -0.16821941263254142
3.4859450383688713 2.946349025500706 -0.1238199836547564
3.465855597001249 3.0397856400798156 -0.06566130953012914
3.4516596950029963 3.119627550533742 0.03253801821857817
3.4381769197703163 3.1959987147828945 0.07247128809025778
3.428912017947486 3.2681316659923376 0.08124732253733294
3.4146816394910737 3.3299402750409954 0.06070029148136618
3.368750918607113 3.4575664596095548 0.38682827558932226
3.3745455502573547 3.4069271090701525 0.013227150885717541
3.318771980542259 3.450875684761641 0.04720237483681022
3.23622999085651 3.502206386868347 0.08633931960261637
3.1416660005682804 3.558167108025224 0.15850426833798556
3.2492572892988756 3.689879685368992 0.3136411754307029
2.977268070898698 3.6755462137938486 0.6617853528756122
2.9130413381461 3.667269755786642 0.216355059065773
2.8260221188485684 3.6869078214080253 0.16626418586879058
2.7349601340012355 3.695495005869827 0.08830698546971541
2.6446060503816247 3.707842305893178 0.014544368319940638
2.4307968836907756 3.676747613680006 -0.2553582758975419
2.463020321848027 3.7152965655094095 -0.17787241368330617
2.3598097300510754 3.7108221781461945 -0.2770324039186149
2.224453972931477 3.6928001000000004 -0.4189171959786312
2.1324703954274398 3.7166027437500007 -0.3988813967000386
2.038075893009253 3.757012172642808 -0.26506182443189796
1.9120325312762028 3.762633326710015 -0.21522882070114965
1.7755523351751223 3.781303962478507 -0.1078241819416892
1.5131096426341513 3.720924588153012 -0.1840416845313996
1.5580155091535142 3.7976116765319694 -0.11648886493414254
1.452562280691265 3.7868593160857382 -0.11504064606175567
1.3593621527773356 3.7750692848867513 -0.1703888068236134
1.2844873205154055 3.7544167825851495 -0.28713947549275
1.1824000206074587 3.9332542142041516 -0.23653264489619177
1.1647567707974376 3.7142330524746074 -0.5154269038496262
1.1094476747649926 3.706804553819374 -0.6066694460659998
1.0569376685358733 3.701677011999957 -0.7191431588779122
1.0154218271917776 3.692723038103924 -0.8605149617372637
0.9828133413865507 3.654481799767957 -1.0626027420741477
0.9495222226240728 3.602458453739108 -1.2672791996136565
0.9185210463563429 3.538931607598947 -1.4429503401721602
0.6126749993865899 3.3817419752563187 -1.9881687549291918
0.900637759062265 3.3800153539982163 -1.6336751728722032
0.8694344398579577 3.2989968229925326 -1.5703905676523346
0.8414660945869044 3.216361252648009 -1.5059123618879868
0.8180463036605511 3.131116252227173 -1.4278872391659705
0.5945725708357369 3.0831544576296057 -1.8674785772789104
0.7976130556700963 2.9735620643315426 -1.3928615326851872
0.7728058889298699 2.8590130963277596 -1.5595830676788733
0.7470678210292906 2.7486620816807212 -1.636795946458708
0.6316872231635619 2.55074870625 -2.059313380988936
0.8050931997548753 2.6263305560635883 -2.073279779387911
0.6981583795328276 2.4354201640998974 -1.6347471602789327
0.6847906017762777 2.3341500895358585 -1.5216844327456869
0.6726970944686792 2.2242420582060562 -1.4531783860662106
0.6614394333365174 2.1135725288153946 -1.4374905908700157
0.6538256455416751 1.9947408703121519 -1.462624350170354
0.6416704680636778 1.8890063684133438 -1.4064051646730442
0.6313980622510915 1.7850167145929077 -1.3765146905547854
0.6238526334973754 1.6860095326745703 -1.3633485888958483
0.6167449147488123 1.58972487554263 -1.3478505917191177
0.6115486868470303 1.4969708477875543 -1.3295670250591731
0.6054055050363931 1.4169505063863213 -1.3186882904624442
0.5901548515918632 1.3363409998109421 -1.284216878190774
0.5842034855233718 1.2542518394918116 -1.2358117685767969
0.5833634490259189 1.1712294640573095 -1.2208659096819057
0.4475187857391567 1.246651018463289 -1.8801311714337607
0.6168127654351121 1.0273933826236241 -1.2078892423872565
0.6519287011839097 0.9606509825089952 -1.1664182127429221
