0.6583027179230528 0.9043680202935521 0.5442693980766791
0.4493246506992662 0.8340387197998185 0.9793430564220191
0.6504188248897549 0.9069627697764595 0.5450486799046397
0.6491287486944717 0.9077854963692331 0.5445595123245237
0.6458151967775019 0.908859022481605 0.5458148247518011
0.6417786053769968 0.9106304043315632 0.5470727841661231
0.6392016537114824 0.9117165504111595 0.5500424993954303
0.636725326689046 0.9108175429491119 0.5542026661923254
0.6338889973460887 0.9099942936419799 0.5596537443004665
0.6430213886520504 0.9047524877462291 0.5596970634086942
0.6576023780934903 0.8976168059952169 0.5544931189590203
0.6687031606133411 0.8902658380633179 0.5478296127950193
0.6842994086689981 0.8806115330058832 0.5431034344554622
0.7093261283210408 0.8722039250659036 0.524827390892475
0.737710021939962 0.8671283304408353 0.5049131524491974
0.7682315285437034 0.8609090256661797 0.49447631860052255
1.0397013720042714 0.960315022677606 0.5737210966229647
0.8448310633290343 0.8545007602425827 0.48814773095622144
0.9059081026651143 0.8490712641723619 0.48971698267697406
0.9750747780700517 0.8440859142279262 0.4853811664477421
1.055531787374158 0.8424486839026033 0.4714817461288865
0.8631245698466216 0.7682749684767578 1.3345725121245415
1.2088670094509726 0.8540588013251782 0.4662015954796219
1.2972070804339249 0.8578574471023319 0.4411602065453648
1.3884763187959712 0.8596405795695935 0.4129051219143811
1.4798550468184704 0.8591519015129475 0.3834172315280604
1.5724102313689077 0.8577354100799138 0.3513885759590121
1.6641473776347613 0.8537308294087622 0.3197036974926064
1.7575605704629313 0.8484388570660831 0.2818217060582313
1.8524418017848172 0.8456217211454691 0.2521897017444896
1.9461854800826344 0.843032233790717 0.215296700386995
2.0423567898053125 0.8416284294341234 0.18151289822928973
2.1336322320871783 0.8413136076898474 0.11521841240450215
2.237940266146846 0.8419436533385527 0.05539069333254787
2.3389960772317395 0.8393410659326228 -0.009223996700182369
2.4422965990008705 0.8369964134297218 -0.06767712812188975
2.611523065112797 0.8874754218107173 0.21769004195689945
2.6076995358470647 0.8292108752559902 -0.08664666677837118
2.7005066068344883 0.8237790354349398 -0.10932213399397739
2.788211802096728 0.8167728552450213 -0.12370067716681632
2.8689992472437478 0.808913765324432 -0.1259698986777309
2.937139112437941 0.867967914830609 -0.0012848583771472022
2.9867869852375097 0.799883697779753 -0.06537737511697372
3.041055765060273 0.8047814300817036 -0.061559576717620246
3.091297387054807 0.8177540881738832 -0.05946657359699259
3.1254908277875604 0.8337187153433994 -0.05429366010582015
3.1779550288653713 0.8744926579276766 -0.040496209503643854
3.224589427954289 0.9303559986828143 -0.017854213601850688
3.2680813468615284 0.9963008294012361 0.002715835731052607
3.2218194339399524 1.0725870084499176 -0.13899681435119504
3.3005684355030898 1.1669011023692115 0.08681626882908233
3.3498559869924094 1.2009327356885888 0.06868699830040725
3.371548439978117 1.284139753746539 0.06763912422306362
3.395015771824241 1.3676265283078086 0.04267122501481424
3.4115759438758655 1.4544501859709462 0.0055983093790317184
3.421011079114 1.6206956627384717 0.2768408258295736
3.447026291515634 1.614211789862209 -0.02229887744907444
3.4595357946120187 1.7213838754366408 -0.06852167976810364
3.4664775183752647 1.8323784269069203 -0.1007620610846729
3.476199321596585 1.945115249351583 -0.1192712141424579
3.6430200918127635 2.0884602326634933 -0.12787962928383934
3.49511700336286 2.145552090758435 -0.09601732946695307
3.499077933739205 2.2479575073112263 -0.060595077182789225
3.504966963243797 2.351663733443845 -0.05184018280203162
3.5123452255960173 2.4549085240844146 -0.05175392590127359
3.5185868487551133 2.55673256484867 -0.059600949019980476
3.5220809790802843 2.658597935246405 -0.07882629897750348
3.520762726225062 2.7638586947428916 -0.09151515155596712
3.510062848757535 2.8653122638483626 -0.06704932316090151
3.4932705302178757 2.9622705361071473 -0.03770909269975675
3.4774650894161407 3.0533155995937333 0.0018387803277164494
3.4670314710549714 3.1279661734381006 0.08268881659508054
3.450419944464853 3.2049288622399987 0.12436888113287381
3.433751793662317 3.2796958435178634 0.1444464509976413
3.4093548849337463 3.3458687141466745 0.15744648083256152
3.3106829338814485 3.470279327807404 0.2842677339397639
3.3484477042734966 3.431694770854474 0.19428338096651743
3.293851876272054 3.4754774257059378 0.19652148833701233
3.2109216982757776 3.529672100840889 0.22260695929976748
3.1207289620584664 3.5857370639145922 0.2570768760139899
3.2236127742438434 3.6558265285392695 0.41515802642021526
2.9019917669275066 3.6985319163816044 0.561741537599481
2.896511505882092 3.6945921301600064 0.2113330230217656
2.8057189337339485 3.716937036124303 0.1590799259793343
2.7084560437533183 3.7297521735496297 0.09312882896382035
2.6122765638566774 3.7477688158488753 0.0830548184221982
2.481020268475689 3.704889127924089 -0.06303358193165565
2.407392111187189 3.7691691874146303 -0.002699328050475458
2.297708242734781 3.767691140079847 -0.0810494539191211
2.153393201463322 3.7455857836588513 -0.31537843110979225
2.075105350761409 3.769799087301998 -0.27672725801726017
2.003604360719944 3.803386494545315 -0.09777539253061462
1.8860064863649542 3.8028626446953595 -0.07770527984830977
1.7654507601841223 3.809307482908781 -0.042237050837186985
1.572429692693849 3.716207475589739 -0.09594561547154257
1.5574726050886114 3.8166914486348054 -0.0738446739174492
1.4466834448998458 3.807084431214383 -0.06937646793262076
1.3450997037925594 3.800588387781971 -0.08111832242308736
1.2528946220854316 3.7930606889065097 -0.09102967790337146
1.1785646830666852 3.937558947034784 -0.21268941297253718
1.095791318849475 3.7843983515938113 -0.07352180478800818
1.0290430327958449 3.7873099298446182 -0.04978266879364668
0.9670803734261937 3.7905213949424876 -0.028549117944798752
0.9123779759784743 3.7924340486112507 -0.015318636892914128
0.8663764472446154 3.7657088607753426 -0.0023169142013728106
0.819856454543038 3.7237835301150497 0.0199741622222831
0.7809206657459375 3.666280126281675 0.04605192967255789
0.7035213970531182 3.489854892261813 -0.10978722373134531
0.7379233811815862 3.526024842858302 0.11951319793104176
0.7041354750883704 3.447648913183488 0.17547539084038988
0.6803363776933002 3.364469917507842 0.20051510082830504
0.6588303878185802 3.2794030714142735 0.22385892299303833
0.5795324996346127 3.0775332933170993 -0.037231127771548245
0.6464567661524598 3.1202996330410837 0.17237033204033025
0.6180634676430066 3.012911602997884 0.06706467827461182
0.592315483962552 2.905274671282765 0.013478690281875316
0.5446615195117877 2.7827218715103483 -0.09075437119416563
0.6055948466411085 2.7558380831432285 -0.36140813427083174
0.5517540847190099 2.595477984294247 -0.0751292685537237
0.5428554059838298 2.493884170894656 -0.040419553152169385
0.5326469880316325 2.3924773535912696 -0.029719837570301166
0.5233276857713549 2.2932367745249005 -0.04454869061192568
0.5175997089031199 2.1925692671539623 -0.06138381457986064
0.5129986855459654 2.095126134858728 -0.04083628400622352
0.5104721491340696 1.9984124791404305 -0.029998197403195093
0.5123397270712327 1.9041655639175268 -0.020750486429196968
0.514544872265218 1.811513256972595 0.003710385680010475
0.5184341500102037 1.7222149434380327 0.03787823859018857
0.5214131655581826 1.6404112033554488 0.12364472318535036
0.5140649149977395 1.561504586647441 0.2005377146434668
0.5129557351321479 1.4851726374278615 0.27977562121892063
0.5183376181743773 1.4136779017617496 0.3447120519723583
0.3741239412973969 1.2049926620080686 -1.2142426404799131
0.5618629185761594 1.2914495682422773 0.39526254141549977
0.6037080926978906 1.2384366036188843 0.3901593787281339
