0.652808293391415 0.8894173369563633 0.7055521360266654
0.43902211919105877 0.8625074644720215 0.9307401088535893
0.6454964064186184 0.8926803119273689 0.7009006123898859
0.6443224631708897 0.8936898801150315 0.699094360854712
0.6412109682032722 0.8950723978335553 0.6975130081376182
0.6374000416902642 0.8971133282111087 0.6960461294896573
0.6350229674120917 0.8984554536988646 0.696409353695366
0.6326951881072799 0.897758418712858 0.6980821162653096
0.6300207382735648 0.8971932774756773 0.7003767974553793
0.6389893269968259 0.8919591945736115 0.7020086606142026
0.653163605330482 0.884541001096178 0.7025968117326974
0.6639765323248188 0.8771113249687196 0.6997898483818733
0.6792598164393556 0.867462191165816 0.6991304822948985
0.7034586228013973 0.8584563504881929 0.6928304573290343
0.7308192768204177 0.8526793162519172 0.6868483546721958
0.7607053603635112 0.8467092037981125 0.6827431108281596
0.9889639328219189 0.9042668701497355 0.894030074860521
0.8364645040737416 0.8416347119205932 0.6854471592419386
0.8968639785660516 0.8371037888780166 0.6945873678215966
0.9654547557519616 0.8331340559386379 0.6976556072432858
1.0449117277580982 0.8319065424364398 0.7012818472068255
0.8365213888911803 0.7483982770211083 1.537458905905363
1.1976302857201258 0.8449386532577734 0.7297020079614731
1.2863167178535286 0.8493915342852545 0.7258144040304692
1.3785834219350335 0.8518367803258448 0.7203061189293881
1.4715567113797132 0.8520176994969217 0.7098637780744497
1.5663157936312342 0.8511119915303673 0.6937728771424923
1.6606404923069737 0.8474921613217536 0.6736145816440772
1.757110682478082 0.8421461947673312 0.6449938402191965
1.8553480935631486 0.8390259188993835 0.622174943614403
1.9532992623861873 0.8357831830425974 0.5854750970651951
2.054525909609838 0.8335689869940566 0.546310432035542
2.1532706784837004 0.8300672834521026 0.44023657089507867
2.264867852185138 0.8278027893893333 0.30934609637494564
2.3732689080353375 0.8222548005352761 0.12676719652762777
2.4842157492474284 0.816534549432803 0.343808439126904
2.6876413159024657 0.7864932706035347 0.7352732460124263
2.6598444823653247 0.8055525164042062 0.3851970152381298
2.757432200605344 0.7975503575468584 0.4297194395667198
2.8499193924877932 0.7875553356728292 0.45476267940322684
2.934366433624802 0.7771692410575687 0.45616442962532233
2.8534047482295586 0.8896306523613163 0.03647978205679709
3.0492340616250946 0.7703932934406935 0.31803158109962815
3.1026742376487038 0.7749014532236135 0.30398534506833086
3.151268990829705 0.7877473741267976 0.2940224744033391
3.1821808204136026 0.8035740912351971 0.2770248817771952
3.2330872116076756 0.8429070569255853 0.23707772959413906
3.2774777236598234 0.8973040328800546 0.156843315652809
3.3179098196162933 0.9620389090420538 0.06101958543590569
3.3237543418148876 1.026663971446215 0.4406419672859863
3.3438231272378642 1.1308251031809737 0.35531057262859816
3.3858013313686977 1.1682456835700759 0.30223087939825655
3.4020632900138335 1.2543393594238852 0.2954519171226061
3.4203770613920996 1.3411291064426576 0.229042573511648
3.432792629248964 1.4311016905165224 0.08099264726253831
3.4422089022102593 1.5263858037818052 0.6826189711587434
3.4628034819650795 1.594836576434076 0.15745531653966074
3.473105739479302 1.7037614301331492 0.2739190791766172
3.47794214878056 1.816628298707563 0.33157565259263533
3.484942081936581 1.9319534501025881 0.35705867897573385
3.6104984904026667 2.1107599816488714 0.2799873028121583
3.499745968709566 2.136848886880442 0.3123528164397311
3.501191474862676 2.2423274818867656 0.24127726175758382
3.5052350096783442 2.3483547974821564 0.21676670564705114
3.511296884973273 2.4533209040496335 0.21157698394566749
3.5167102699477333 2.556545960740302 0.2257304507953662
3.5196831617414572 2.6597053230992307 0.2590639832183323
3.5179500276372986 2.766421108747092 0.2750728810079425
3.5070223114310877 2.869115069524398 0.22888688424644973
3.4903425016516296 2.9671243633956483 0.1667635888672697
3.47481262935549 3.058603839712245 0.035450298536311695
3.464306670953331 3.1326817498154793 0.22468727468731495
3.4481532989474966 3.2092321191843682 0.26732931662489573
3.431956071977375 3.283912904311657 0.2859082337763593
3.407888177943939 3.3500941844600773 0.3023646373148102
3.276704227786156 3.4419945156388865 0.5167525289071805
3.347442717261365 3.435446608255061 0.3451795437666318
3.292890298890301 3.479549854621526 0.3523506069709419
3.210315822079046 3.533126978051684 0.37030277529726596
3.1204227416969927 3.5884541697838173 0.38850700148135575
3.213727087151001 3.649094842787049 0.14223379052380383
2.8807261233837465 3.686632565438363 0.7143584857571136
2.897312756411502 3.6981931987306647 0.3746739872868623
2.807049761939648 3.7217467206736345 0.34772114195328124
2.710255898988939 3.735877496698537 0.2811916674927171
2.613041425166612 3.7537226871424014 0.27401187262619303
2.4967352256697444 3.7388712403494844 0.2560395407059896
2.4056619450080183 3.7759030848056856 0.05122653154188678
2.295006258121785 3.775836235906499 0.28513229603426254
2.1881642516324513 3.7810377801317205 0.5836841296035986
2.109378633580208 3.806192054378925 0.5634785597376581
1.997129331933837 3.8152357436860975 0.32570766384074396
1.878405173063066 3.8153993948704263 0.2854028699347924
1.7574501387231152 3.8217506079160666 0.20240680865523974
1.5309875302023472 3.732176944601684 0.29281422236793914
1.5473511579415609 3.832295013096054 0.2639142883347891
1.435331005472294 3.824234139434505 0.2551888249850808
1.3327880784487214 3.81936882203099 0.2751470564986587
1.239485517457458 3.813849045318091 0.29393199122117575
1.142248008935944 3.9537163292206654 0.4025769768127256
1.082598302120004 3.8074226206738917 0.2647446871859869
1.0162108092861741 3.811269482421684 0.21832643414504807
0.954436895447015 3.815568873259292 0.16618481942776267
0.8999766231643461 3.8186335192290364 0.1221347204984036
0.855635552911911 3.7925177046342697 0.04783938364617316
0.8121932925040015 3.7497534267269614 0.13986933896863632
0.7769063316231224 3.6905515622639395 0.21164091302536406
0.7290484399446067 3.571469545632293 0.34690286966273876
0.7408823327120471 3.547827694751198 0.34348183248754555
0.7098867751205665 3.467009798895865 0.4150029393241082
0.6883149346679965 3.3823973937063774 0.44883862172255906
0.6684567697345852 3.295868356008573 0.47933582448292233
0.6014836667237417 3.1477572103825575 0.2180499785158296
0.6580929377874802 3.1336407583003894 0.4231158534713533
0.6314941559113045 3.0261065644248393 0.27103127295601465
0.6074609049222255 2.9168595392633248 0.12375578236202094
0.5892024970388711 2.803107425382969 0.3285514301722613
0.5885975186631635 2.7159205845028347 0.6442307708444336
0.5690829026844939 2.595840263187493 0.28949587236193536
0.5605390277472927 2.4911330048715823 0.21120440919624428
0.5504730804085199 2.3867918225857854 0.1811591735962993
0.5412976611414214 2.284902104177838 0.2239908987142197
0.5358434197962614 2.1815432674261364 0.26684407741755445
0.531273861498178 2.080865072612317 0.22201385215193378
0.5281958340707174 1.9808159495875137 0.19225418290793714
0.5292362698452562 1.8830159184800594 0.1621040967408795
0.5303960778551616 1.7866555452059385 0.06930714819815786
0.5329796041260759 1.6939150376964949 0.22282517087860065
0.5365003170604719 1.6127080898582964 0.40109679386420344
0.528908299722406 1.5326784199520793 0.5113879952483398
0.5271967622109227 1.456682577870086 0.5982634066086522
0.5317905322154155 1.3855798974797584 0.6607156821528447
0.501989713146985 1.31375467809949 1.4043703853158118
0.5716608409962132 1.2665441499719015 0.6863434892631096
0.6104881933183568 1.213613338416641 0.6773597878919657
